0.000018
0.000034
0.000050
0.000076
0.000103
0.000109
0.000121
0.000140
0.000157
0.000182
0.000261
0.000224
0.000260
0.000241
0.000264
0.000282
0.000293
0.000319
0.000332
0.000357
0.000357
0.000371
0.000402
0.000411
0.000505
0.000523
0.000500
0.000533
0.000560
0.000551
0.000499
0.000548
0.000514
0.000560
0.000549
0.000617
0.000665
0.000667
0.000643
0.000666
0.000583
0.000596
0.000670
0.000689
0.000600
0.000605
0.000654
0.000605
0.000622
0.000721
0.000675
0.000652
0.000656
0.000729
0.000723
0.000701
0.000670
0.000707
0.000734
0.000761
0.000715
0.000795
0.000875
0.000775
0.000878
0.000952
0.000873
0.000846
0.000865
0.000840
0.000881
0.000862
0.000917
0.000911
0.001016
0.001049
0.000935
0.000981
0.000981
0.000997
0.000978
0.001000
0.001030
0.001118
0.001025
0.001148
0.001223
0.001288
0.001248
0.001166
0.001071
0.001151
0.001144
0.001170
0.001125
0.001291
0.001210
0.001266
0.001169
0.001213
0.001551
0.001341
0.001356
0.001328
0.001425
0.001283
0.001413
0.001284
0.001347
0.001336
0.001498
0.001468
0.001644
0.001713
0.001660
0.001448
0.001490
0.001584
0.001427
0.001555
0.001730
0.001634
0.001638
0.001661
0.001556
0.001621
0.001659
0.001889
0.001806
0.001690
0.001762
0.001983
0.001800
0.002052
0.001991
0.002122
0.001788
0.001841
0.001706
0.002030
0.001861
0.001705
0.001742
0.001838
0.001802
0.002144
0.001852
0.001789
0.001819
0.001867
0.001859
0.002144
0.001963
0.001886
0.001892
0.002006
0.002017
0.002285
0.002000
0.002006
0.002017
0.001989
0.001998
0.002168
0.002043
0.002001
0.002071
0.002111
0.002446
0.002176
0.002097
0.002208
0.002462
0.002479
0.002266
0.002129
0.002128
0.002194
0.002418
0.002355
0.002234
0.002191
0.002250
0.002530
0.002425
0.002269
0.002349
0.002237
0.002666
0.002455
0.002360
0.002419
0.002431
0.002732
0.002507
0.002454
0.002443
0.002604
0.002564
