0.000017
0.000071
0.000147
0.000227
0.000391
0.000601
0.000808
0.000993
0.001008
0.001143
0.001375
0.002047
0.002159
0.003081
0.003736
0.003720
0.004191
0.004549
0.003839
0.003729
0.003872
0.004972
0.006160
0.005020
0.006321
0.006551
0.006441
0.007379
0.007220
0.008448
0.008259
0.009404
0.009268
0.010483
0.011115
0.011127
0.012308
0.013251
0.013535
0.015174
0.014512
0.015632
0.016447
0.017148
0.018186
0.018452
0.019026
0.019845
0.021324
0.022397
0.023923
0.023947
0.024292
0.026008
0.026733
0.028775
0.032455
0.032035
0.035353
0.035073
0.041260
0.039211
0.047263
0.036209
0.036706
0.038377
0.039180
0.043090
0.044425
0.055072
0.053784
0.055083
0.059358
0.052334
0.056144
0.055499
0.059620
0.059622
0.061571
0.064992
0.064186
0.066623
0.069318
0.073322
0.064968
0.064149
0.066096
0.068578
0.069820
0.071499
0.076812
0.076750
0.078537
0.078930
0.084573
0.103071
0.117006
0.108733
0.109889
0.111822
0.113235
0.114067
0.116133
0.100579
0.099973
0.101183
0.102697
0.105045
0.108345
0.108570
0.109362
0.110875
0.130921
0.113997
0.117794
0.118347
0.128166
0.124921
0.129966
0.131926
0.130275
0.138090
0.131905
0.140213
0.148211
0.142273
0.146052
0.148783
0.150574
0.156287
0.183747
0.175110
0.177966
0.207548
0.211942
0.170639
0.170651
0.169520
0.176094
0.175464
0.175006
0.178520
0.182581
0.182082
0.200790
0.200914
0.197164
0.201883
0.196798
0.230584
0.260991
0.294242
0.226557
0.218874
0.215081
0.223292
0.217643
0.218909
0.231124
0.235553
0.239271
0.234505
0.231701
0.241342
0.248111
0.248893
0.248841
0.253941
0.256094
0.254799
0.255874
0.265239
0.274547
0.273310
0.276603
0.279664
0.281517
0.285728
0.296068
0.296912
0.300220
0.376887
0.401331
0.340994
0.303081
0.310149
0.323417
0.326782
0.342974
0.385400
0.424834
0.422863
0.486029
0.425583
0.353158
0.341505
0.344084
0.352372
0.357997
