0.000062
0.000215
0.000518
0.000936
0.001774
0.002186
0.003085
0.003723
0.004198
0.004461
0.005054
0.005315
0.006475
0.006608
0.008599
0.010850
0.010809
0.012095
0.012542
0.013656
0.014863
0.016726
0.019958
0.020079
0.021864
0.023648
0.026337
0.028550
0.031352
0.032516
0.035202
0.037643
0.039892
0.043548
0.046777
0.052757
0.055848
0.060334
0.062399
0.063890
0.065202
0.071617
0.078760
0.090637
0.082577
0.088152
0.090921
0.097456
0.099717
0.110506
0.106268
0.101097
0.104393
0.108719
0.118650
0.130221
0.124452
0.126414
0.133992
0.137586
0.137924
0.145837
0.156050
0.154832
0.159557
0.185767
0.201539
0.202602
0.203420
0.201969
0.205455
0.241577
0.202419
0.232180
0.228639
0.233604
0.246824
0.241743
0.236628
0.241324
0.251415
0.253999
0.268038
0.269787
0.279148
0.284066
0.289474
0.301202
0.299928
0.308959
0.318231
0.328189
0.333144
0.341248
0.345627
0.346300
0.360375
0.369617
0.370452
0.383245
0.400207
0.408942
0.411297
0.419332
0.429749
0.437645
0.443500
0.443061
0.480295
0.468887
0.480245
0.487683
0.492430
0.501974
0.511638
0.517042
0.529911
0.541135
0.555739
0.544149
0.551679
0.570542
0.576256
0.590421
0.603859
0.613991
0.619558
0.633503
0.644028
0.656758
0.667797
0.669540
0.681132
0.698669
0.701822
0.722796
0.715099
0.737030
0.783146
0.903112
0.812082
0.797054
0.784947
0.811380
0.830705
0.831318
0.841560
0.845302
0.863951
0.861700
0.890130
0.946141
0.916517
0.922642
0.937617
1.011211
1.015420
1.044284
0.995884
0.988629
1.008439
1.020728
1.027749
1.039244
1.065831
1.096103
1.075177
1.095060
1.111290
1.122020
1.134492
1.140170
1.162458
1.162475
1.193593
1.207061
1.214607
1.227867
1.241748
1.272582
1.256834
1.293457
1.302006
1.311456
1.323442
1.344707
1.363199
1.372109
1.390125
1.412653
1.401390
1.447606
1.441560
1.465023
1.475589
1.491065
1.510264
1.517774
1.547612
