0.000031
0.000109
0.000237
0.000371
0.000605
0.000846
0.001143
0.001432
0.001790
0.002450
0.002724
0.003107
0.003784
0.003832
0.004111
0.005018
0.005066
0.005273
0.005737
0.006343
0.006605
0.007616
0.007993
0.008963
0.009705
0.010704
0.011326
0.011872
0.012934
0.013741
0.015398
0.016587
0.017230
0.017645
0.018984
0.019805
0.021084
0.021924
0.023459
0.025027
0.025730
0.027207
0.028226
0.030031
0.030804
0.032367
0.035239
0.037294
0.039261
0.040650
0.042191
0.044924
0.045639
0.044192
0.045972
0.048600
0.051149
0.053694
0.058349
0.059668
0.060229
0.061497
0.063141
0.066553
0.067483
0.069080
0.071666
0.074907
0.076381
0.078051
0.080643
0.080987
0.080611
0.084141
0.085991
0.088670
0.093559
0.092430
0.095681
0.101102
0.100237
0.104191
0.104253
0.106268
0.109870
0.111927
0.114926
0.123110
0.120459
0.124226
0.126268
0.128798
0.131437
0.135312
0.145465
0.159567
0.170308
0.170697
0.164102
0.161364
0.157430
0.158526
0.162490
0.166025
0.168465
0.171712
0.175200
0.177770
0.182890
0.185959
0.189179
0.192761
0.196775
0.198565
0.203516
0.204975
0.208900
0.212922
0.215275
0.220051
0.223651
0.228425
0.230692
0.233423
0.278272
0.245143
0.246393
0.251383
0.255832
0.264724
0.265061
0.270181
0.271666
0.275640
0.278900
0.282252
0.286278
0.294490
0.297740
0.301496
0.305668
0.309915
0.312372
0.317030
0.320627
0.329244
0.328880
0.332653
0.341599
0.343402
0.348965
0.352614
0.356472
0.362249
0.367708
0.372029
0.373768
0.381603
0.386093
0.391834
0.397061
0.403741
0.407262
0.411923
0.416757
0.419634
0.425345
0.543568
0.457977
0.494908
0.499635
0.464664
0.455058
0.468462
0.477820
0.495067
0.487897
0.482617
0.489331
0.493273
0.501301
0.520852
0.511813
0.518409
0.559238
0.532511
0.544587
0.548506
0.557423
0.566086
0.582093
0.568965
0.575681
0.576451
0.582653
0.589950
0.595743
0.596400
0.606772
