0.000025
0.000046
0.000070
0.000094
0.000117
0.000150
0.000193
0.000208
0.000245
0.000239
0.000295
0.000302
0.000360
0.000366
0.000374
0.000404
0.000444
0.000444
0.000471
0.000525
0.000533
0.000712
0.000656
0.000755
0.000700
0.000641
0.000733
0.000675
0.000700
0.000850
0.000950
0.000901
0.001033
0.001012
0.001041
0.001091
0.001070
0.000945
0.000932
0.000830
0.000844
0.000869
0.000892
0.001110
0.001103
0.000983
0.001021
0.000976
0.000983
0.000961
0.000996
0.001008
0.000987
0.001008
0.001045
0.001038
0.001397
0.001358
0.001088
0.001107
0.001141
0.001373
0.001490
0.001262
0.001272
0.001290
0.001446
0.001451
0.001302
0.001305
0.001289
0.001305
0.001358
0.001352
0.001417
0.001445
0.001677
0.001442
0.001479
0.001464
0.001523
0.001496
0.001522
0.001594
0.001563
0.001906
0.001608
0.001629
0.001648
0.001666
0.001803
0.002147
0.001983
0.001983
0.001813
0.001886
0.001814
0.001852
0.001930
0.002052
0.002130
0.001923
0.001971
0.001939
0.001994
0.002004
0.002301
0.002373
0.002251
0.002254
0.002579
0.002609
0.002619
0.002755
0.002229
0.002252
0.002236
0.002436
0.002539
0.002427
0.002369
0.002318
0.002356
0.002753
0.002404
0.002399
0.002412
0.002478
0.002794
0.002586
0.002553
0.002515
0.002617
0.002929
0.002683
0.002691
0.002650
0.002627
0.002840
0.002680
0.002704
0.002706
0.002770
0.003049
0.002745
0.002856
0.002809
0.002834
0.003313
0.002939
0.002917
0.002964
0.003087
0.003030
0.002944
0.002987
0.003043
0.003382
0.003011
0.003173
0.003155
0.003631
0.003191
0.003107
0.003225
0.003703
0.003223
0.003256
0.003221
0.003758
0.003300
0.003310
0.003352
0.003850
0.003383
0.003397
0.003396
0.003977
0.003463
0.003472
0.003494
0.003994
0.003631
0.003582
0.003738
0.004086
0.004055
0.003666
0.004037
0.003718
0.003720
0.004082
0.003949
0.003824
0.003792
0.004229
0.003863
0.003845
0.004438
