0.000059
0.000207
0.000474
0.000825
0.001217
0.001820
0.002180
0.003214
0.003942
0.004317
0.005423
0.005711
0.006385
0.006320
0.007952
0.008465
0.010947
0.013541
0.012523
0.012935
0.014562
0.016098
0.017680
0.019720
0.022560
0.023774
0.025773
0.027521
0.029943
0.031301
0.033494
0.037703
0.038606
0.040731
0.044613
0.051620
0.055177
0.059558
0.066518
0.069335
0.061363
0.065132
0.072624
0.079606
0.085124
0.090837
0.091295
0.095772
0.097899
0.104587
0.108934
0.111662
0.116905
0.111000
0.116979
0.119068
0.124131
0.128114
0.133420
0.138008
0.144894
0.147687
0.157084
0.159201
0.169246
0.188703
0.179557
0.190976
0.211095
0.228545
0.222331
0.221564
0.210852
0.234324
0.233164
0.241298
0.248662
0.250666
0.268404
0.254287
0.260912
0.271240
0.277504
0.285621
0.287864
0.296260
0.304967
0.310896
0.317600
0.329802
0.334884
0.342296
0.352668
0.360428
0.369565
0.378199
0.381346
0.385351
0.409460
0.416806
0.417171
0.424403
0.436011
0.439158
0.448100
0.452935
0.469352
0.475939
0.488313
0.495641
0.503826
0.515021
0.517160
0.530253
0.540370
0.606552
0.618057
0.621655
0.605426
0.730137
0.688427
0.676526
0.622451
0.629605
0.647296
0.657377
0.727028
0.715442
0.692346
0.704122
0.721092
0.830835
0.784892
0.752771
0.769009
0.787663
0.784447
0.792725
0.889413
0.926516
0.932055
0.951935
0.856722
0.861054
0.880162
0.888384
0.915318
0.924175
1.012939
1.065863
1.090392
1.099731
1.134127
1.143946
1.148627
1.155928
1.162461
1.143420
1.107199
1.116284
1.138861
1.118438
1.130782
1.239354
1.143454
1.167170
1.170425
1.242723
1.207257
1.215628
1.234057
1.250322
1.256982
1.274048
1.288955
1.312450
1.323362
1.343786
1.358993
1.363568
1.382114
1.403373
1.417267
1.444109
1.479842
1.464635
1.463200
1.506732
1.513657
1.532108
1.550210
1.559770
1.597641
1.591740
1.618824
1.694194
1.675299
1.705032
1.714225
